Midi/Bon_Jovi_-_Living_on_a_Prayer2.mid
37197,4
37197,1
37200,1
37557,3
37562,5
37562,6
37920,5
37922,3
37922,6
38035,3
38037,6
38040,5
38155,3
38157,6
38157,5
38395,3
38397,6
38397,5
38635,6
38637,1
38642,5
38877,1
38882,5
38882,6
38997,5
38997,6
39002,1
39117,1
39125,4
39125,1
39475,3
39477,5
39477,6
39835,5
39837,6
39840,3
39955,3
39955,6
39960,5
40075,5
40075,3
40082,6
40315,6
40320,3
40320,5
40555,6
40557,1
40562,5
40795,5
40800,6
40802,1
41040,1
41042,4
41042,1
41395,5
41395,6
41397,3
41755,3
41762,6
41762,5
41875,6
41875,5
41882,3
41995,6
42000,3
42002,5
42235,3
42240,5
42240,6
42477,5
42477,6
42480,1
42715,6
42717,3
42722,5
42955,1
42955,1
42960,4
43915,6
43915,5
43920,3
44075,3
44077,5
44080,6
44235,6
44237,5
44240,3
44395,3
44400,5
44400,6
44635,6
44637,5
44642,3
44875,5
44877,6
44882,1
45235,1
45237,1
45237,4
45720,1
45722,1
45722,4
45837,5
45840,6
45840,3
46555,3
46555,5
46562,6
46677,6
46682,5
46682,3
46795,4
46797,1
46800,3
47155,1
47157,1
47162,4
47517,1
47517,1
47520,4
47640,6
47642,3
47642,5
48475,5
48475,6
48477,3
48597,6
48600,5
48602,3
48715,6
48715,1
48717,5
49075,1
49080,1
49080,4
49317,1
49320,4
49322,1
49442,1
49442,4
49442,1
49555,6
49555,5
49557,3
50515,6
50520,3
50522,5
50637,3
50640,1
50642,4
50995,1
50995,1
51000,4
51477,3
51477,6
51480,5
51595,5
51600,3
51602,6
52320,5
52320,3
52320,6
52437,3
52437,6
52442,5
69835,1
69837,4
69842,1
70195,6
70200,5
70202,3
70560,3
70560,5
70562,6
70675,5
70675,6
70677,3
70795,6
70800,5
70802,3
71040,6
71042,5
71042,3
71275,5
71277,1
71282,6
71520,5
71522,1
71522,6
71637,1
71642,6
71642,5
71760,1
71762,4
71762,1
72122,3
72122,5
72122,6
72475,3
72477,5
72477,6
72595,6
72597,3
72602,5
72715,6
72717,3
72717,5
72957,3
72960,5
72962,6
73197,5
73200,1
73200,6
73435,1
73435,5
73442,6
73675,4
73682,1
73685,1
74035,5
74037,6
74042,3
74395,3
74402,5
74402,6
74517,6
74520,5
74522,3
74635,3
74640,6
74642,5
74877,3
74880,5
74882,6
75117,1
75120,6
75122,5
75357,6
75360,5
75360,3
75597,1
75597,1
75602,4
76557,5
76557,3
76560,6
76715,5
76720,3
76720,6
76877,5
76877,3
76880,6
77035,3
77035,5
77037,6
77275,3
77275,5
77275,6
77515,6
77515,1
77520,5
77880,4
77882,1
77882,1
78235,4
78237,1
78242,1
78355,4
78355,1
78362,1
78475,3
78477,6
78477,5
79200,6
79202,3
79202,5
79315,3
79320,6
79322,5
79435,3
79440,1
79442,4
79680,1
79682,3
79682,4
79797,1
79797,4
79797,1
80155,4
80160,1
80162,1
80275,6
80275,5
80282,3
81117,5
81117,6
81120,3
81237,3
81240,5
81242,6
81357,5
81357,1
81360,6
81595,5
81597,1
81600,6
81717,1
81720,4
81722,1
82080,4
82080,1
82082,1
82197,6
82200,3
82200,5
83035,3
83037,6
83040,5
83157,3
83157,6
83160,5
83280,1
83280,3
83280,4
83520,3
83522,4
83522,1
83635,1
83635,1
83642,4
83882,1
83882,1
83882,4
83997,1
84000,1
84002,4
84115,3
84117,6
84120,5
84237,5
84237,3
84237,6
84717,6
84717,5
84722,3
84955,3
84957,5
84957,6
85075,6
85082,3
85082,5
85195,1
85202,4
85217,5
85225,6
87115,2
87122,1
87122,1
87477,1
87482,4
87482,1
87960,6
87962,5
87962,3
89035,1
89037,3
89037,4
89395,4
89400,1
89400,1
89877,6
89877,5
89880,3
90955,1
90960,2
90962,1
91315,1
91317,4
91320,1
91797,3
91797,6
91802,5
92875,4
92875,1
92882,3
93235,4
93237,1
93237,1
93840,5
93842,1
93842,6
95155,1
95635,1
95755,1
95757,1
95760,4
96117,3
96117,5
96120,6
96480,6
96482,3
96482,5
96595,5
96600,6
96602,3
96715,5
96717,3
96722,6
96955,3
96957,6
96962,5
97195,5
97195,6
97202,1
97435,5
97437,6
97442,3
97675,4
97680,1
97682,1
98640,5
98640,6
98642,3
98797,6
98802,5
98802,3
98960,3
98960,6
98962,5
99117,3
99117,6
99120,5
99357,1
99360,3
99360,4
99715,3
99717,5
99717,6
100197,1
100202,4
100202,1
100560,1
100560,1
100680,1
100680,1
100800,1
100800,1
100920,1
100920,1
101040,1
101040,1
101160,1
101160,1
101277,4
101277,2
101282,5
101635,6
101637,3
101637,5
102120,4
102120,1
102122,1
102480,1
102480,1
102720,1
102720,1
102840,1
102840,1
102960,1
102960,1
103197,3
103197,4
103200,1
103555,3
103560,5
103562,6
104037,1
104040,1
104040,4
104760,1
104760,1
104880,1
104880,1
105000,1
105000,1
105115,4
105115,2
105115,5
105475,3
105477,5
105480,6
105955,1
105957,4
105957,1
106440,1
106440,1
106680,1
106680,1
106800,1
106800,1
106920,1
106920,1
107035,1
107037,4
107042,3
107395,5
107397,3
107402,6
107875,4
107877,1
107880,1
108240,1
108240,1
108720,1
108720,1
108840,1
108840,1
108955,5
108957,4
108957,2
109317,6
109320,3
109320,5
109795,4
109802,1
109802,1
110040,1
110040,1
110160,1
110160,1
110520,1
110520,1
110640,1
110640,1
110760,1
110760,1
110880,1
110880,4
110882,3
111235,5
111237,6
111242,3
111715,1
111717,4
111720,1
112080,1
112200,1
112200,1
112320,1
112320,1
112440,1
112440,1
112560,1
112560,1
112680,1
112680,1
112795,4
112797,2
112800,5
113155,6
113155,5
113162,3
113635,1
113642,4
113642,1
114120,1
114120,1
114360,1
114360,1
114480,1
114480,1
114600,1
114600,1
114722,3
115075,5
115077,3
115082,6
115555,4
115557,1
115560,1
115920,1
115920,1
116040,1
116040,1
116160,1
116160,1
116280,1
116280,1
116400,1
116400,1
116520,1
116520,1
116635,5
116637,4
116637,2
116997,6
117000,3
117000,5
117475,4
117482,1
117482,1
117720,1
117720,1
117840,1
117840,1
118200,1
118200,1
118320,1
118320,1
118560,1
118560,4
118562,3
118915,5
118917,6
118922,3
119395,1
119397,4
119400,1
119760,1
119880,1
119880,1
120000,1
120000,1
120120,1
120120,1
120240,1
120240,1
120475,4
120477,2
120480,5
120835,6
120835,5
120842,3
121315,1
121322,4
121322,1
121560,1
121560,1
121680,1
121680,1
121800,1
121800,1
122040,1
122040,1
122160,1
122160,1
122280,1
122280,1
122400,2
122400,4
