Midi/Layla.mid
2496,1
2586,1
2592,2
2682,2
2688,2
2778,2
2784,2
2880,2
2886,2
2970,2
2976,2
3066,2
3072,2
3264,2
3264,2
3456,2
3456,2
3648,1
3648,2
3648,2
4018,1
4032,1
4220,1
4224,1
4408,1
4416,2
4416,2
4440,2
4752,2
4800,1
4986,1
4992,2
5160,2
5178,2
5184,3
5184,2
5568,1
5576,2
5580,3
5660,1
5664,2
5754,2
5760,2
5850,2
5856,2
5946,2
5952,2
6042,2
6048,2
6138,2
6144,2
6336,2
6336,2
6528,2
6528,2
6720,2
6720,1
6720,2
7090,1
7104,1
7292,1
7296,1
7480,1
7488,2
7488,2
7512,2
7824,2
7872,1
8058,1
8064,2
8232,2
8250,2
8256,2
8256,3
8640,1
8648,2
8652,3
8732,1
8736,2
8826,2
8832,2
8922,2
8928,2
9018,2
9024,2
9114,2
9120,2
9210,2
9216,2
9408,2
9408,2
9600,2
9600,2
9792,1
9792,2
9792,2
10162,1
10176,1
10364,1
10368,1
10552,1
10560,2
10560,2
10584,2
10896,2
10944,1
11130,1
11136,2
11304,2
11322,2
11328,3
11328,2
11712,1
11720,2
11724,3
11804,1
11808,2
11898,2
11904,2
11994,2
12000,2
12090,2
12096,2
12186,2
12192,2
12282,2
12288,2
12480,2
12480,2
12672,2
12672,2
12864,1
12864,2
12864,2
13234,1
13248,1
13436,1
13440,1
13624,1
13632,2
13632,2
13656,2
13968,2
14016,1
14202,1
14208,2
14376,2
14394,2
14400,3
14400,2
14784,1
14792,2
14796,3
14876,1
14880,2
14970,2
14976,2
15066,2
15072,2
15162,2
15168,2
15258,2
15264,2
15354,2
15360,2
15552,2
15552,2
15744,2
15744,2
15936,2
15936,1
15936,2
16306,1
16320,1
16508,1
16512,1
16696,1
16704,2
16704,2
16728,2
17040,2
17088,1
17274,1
17280,2
17448,2
17466,2
17472,2
17472,3
17856,1
17864,2
17868,3
17948,1
17952,2
18042,2
18048,2
18138,2
18144,2
18234,2
18240,2
18330,2
18336,2
18426,2
18432,1
19002,1
19008,1
19392,1
19400,1
19578,1
19584,1
19770,1
19776,2
20160,1
20174,2
20346,1
20352,2
20730,2
20736,2
22266,2
32448,1
32538,1
32544,2
32634,2
32640,2
32730,2
32736,2
32832,2
32838,2
32922,2
32928,2
33018,2
33024,2
33216,2
33216,2
33408,2
33408,2
33600,1
33600,2
33600,2
33970,1
33984,1
34172,1
34176,1
34360,1
34368,2
34368,2
34392,2
34704,2
34752,1
34938,1
34944,2
35112,2
35130,2
35136,3
35136,2
35520,1
35528,2
35532,3
35612,1
35616,2
35706,2
35712,2
35802,2
35808,2
35898,2
35904,2
35994,2
36000,2
36090,2
36096,2
36288,2
36288,2
36480,2
36480,2
36672,1
36672,2
36672,2
37042,1
37056,1
37244,1
37248,1
37432,1
37440,2
37440,2
37464,2
37776,2
37824,1
38010,1
38016,2
38184,2
38202,2
38208,2
38208,3
38592,1
38600,2
38604,3
38684,1
38688,2
38778,2
38784,2
38874,2
38880,2
38970,2
38976,2
39066,2
39072,2
39162,2
39168,2
39360,2
39360,2
39552,2
39552,2
39744,2
39744,1
39744,2
40114,1
40128,1
40316,1
40320,1
40504,1
40512,2
40512,2
40536,2
40848,2
40896,1
41082,1
41088,2
41256,2
41274,2
41280,3
41280,2
41664,1
41672,2
41676,3
41756,1
41760,2
41850,2
41856,2
41946,2
41952,2
42042,2
42048,2
42138,2
42144,2
42234,2
42240,1
42810,1
42816,1
43200,1
43208,1
43386,1
43392,1
43578,1
43584,2
43968,1
43982,2
44154,1
44160,2
44538,2
44544,2
46074,2
56256,1
56346,1
56352,2
56442,2
56448,2
56538,2
56544,2
56640,2
56646,2
56730,2
56736,2
56826,2
56832,2
57024,2
57024,2
57216,2
57216,2
57408,1
57408,2
57408,2
57778,1
57792,1
57980,1
57984,1
58168,1
58176,2
58176,2
58200,2
58512,2
58560,1
58746,1
58752,2
58920,2
58938,2
58944,3
58944,2
59328,1
59336,2
59340,3
59420,1
59424,2
59514,2
59520,2
59610,2
59616,2
59706,2
59712,2
59802,2
59808,2
59898,2
59904,2
60096,2
60096,2
60288,2
60288,2
60480,2
60480,1
60480,2
60850,1
60864,1
61052,1
61056,1
61240,1
61248,2
61248,2
61272,2
61584,2
61632,1
61818,1
61824,2
61992,2
62010,2
62016,3
62016,2
62400,1
62408,2
62412,3
62492,1
62496,2
62586,2
62592,2
62682,2
62688,2
62778,2
62784,2
62874,2
62880,2
62970,2
62976,2
63168,2
63168,2
63360,2
63360,2
63552,1
63552,2
63552,2
63922,1
63936,1
64124,1
64128,1
64312,1
64320,2
64320,2
64344,2
64656,2
64704,1
64890,1
64896,2
65064,2
65082,2
65088,2
65088,3
65472,1
65480,2
65484,3
65564,1
65568,2
65658,2
65664,2
65754,2
65760,2
65850,2
65856,2
65946,2
65952,2
66042,2
66048,1
66618,1
66624,1
67008,1
67016,1
67194,1
67200,1
67386,1
67392,2
67776,1
67790,2
67962,1
67968,2
68346,2
68352,2
69882,2
80064,1
80154,1
80160,2
80250,2
80256,2
80346,2
80352,2
80448,2
80454,2
80538,2
80544,2
80634,2
80640,2
80832,2
80832,2
81024,2
81024,2
81216,2
81216,1
81216,2
81586,1
81600,1
81788,1
81792,1
81976,1
81984,2
81984,2
82008,2
82320,2
82368,1
82554,1
82560,2
82728,2
82746,2
82752,2
82752,3
83136,1
83144,2
83148,3
83228,1
83232,2
83322,2
83328,2
83418,2
83424,2
83514,2
83520,2
83610,2
83616,2
83706,2
83712,2
83904,2
83904,2
84096,2
84096,2
84288,2
84288,1
84288,2
84658,1
84672,1
84860,1
84864,1
85048,1
85056,2
85056,2
85080,2
85392,2
85440,1
85626,1
85632,2
85800,2
85818,2
85824,2
85824,3
86208,1
86216,2
86220,3
86300,1
86304,2
86394,2
86400,2
86490,2
86496,2
86586,2
86592,2
86682,2
86688,2
86778,2
86784,2
86976,2
86976,2
87168,2
87168,2
87360,1
87360,2
87360,2
87730,1
87744,1
87932,1
87936,1
88120,1
88128,2
88128,2
88152,2
88464,2
88512,1
88698,1
88704,2
88872,2
88890,2
88896,3
88896,2
89280,1
89288,2
89292,3
89372,1
89376,2
89466,2
89472,2
89562,2
89568,2
89658,2
89664,2
89754,2
89760,2
89850,2
89856,2
90048,2
90048,2
90240,2
90240,2
90432,1
90432,2
90432,2
90802,1
90816,1
91004,1
91008,1
91192,1
91200,2
91200,2
91224,2
91536,2
91584,1
91770,1
91776,2
91944,2
91962,2
91968,2
91968,3
92352,1
92360,2
92364,3
92444,1
92448,2
92538,2
92544,2
92634,2
92640,2
92730,2
92736,2
92826,2
92832,2
92922,2
92928,2
93120,2
93120,2
93312,2
93312,2
93504,1
93504,2
93504,2
93874,1
93888,1
94076,1
94080,1
94264,1
94272,2
94272,2
94296,2
94608,2
94656,1
94842,1
94848,2
95016,2
95034,2
95040,3
95040,2
95424,1
95432,2
95436,3
95516,1
95520,2
95610,2
95616,2
95706,2
95712,2
95802,2
95808,2
95898,2
95904,2
95994,2
96000,2
96192,2
96192,2
96384,2
96384,2
96576,1
96576,2
96576,2
96946,1
96960,1
97148,1
97152,1
97336,1
97344,2
97344,2
97368,2
97680,2
97728,1
97914,1
97920,2
98088,2
98106,2
98112,2
98112,3
98496,1
98504,2
98508,3
98588,1
98592,2
98682,2
98688,2
98778,2
98784,2
98874,2
98880,2
98970,2
98976,2
99066,2
99072,2
99264,2
99264,2
99456,2
99456,2
99648,2
99648,1
99648,2
100018,1
100032,1
100220,1
100224,1
100408,1
100416,2
100416,2
100440,2
100752,2
100800,1
100986,1
100992,2
101160,2
101178,2
101184,3
101184,2
101568,1
101576,2
101580,3
101660,1
101664,2
101754,2
101760,2
101850,2
101856,2
101946,2
101952,2
102042,2
102048,2
102138,2
102144,2
102336,2
102336,2
102528,2
102528,2
102720,1
102720,2
102720,2
103090,1
103104,1
103292,1
103296,1
103480,1
103488,2
103488,2
103512,2
103824,2
103872,1
104058,1
104064,2
104232,2
104250,2
104256,3
104256,2
104640,1
104648,2
104652,3
104732,1
104736,2
104826,2
104832,2
104922,2
104928,2
105018,2
105024,2
105114,2
105120,2
105210,2
105216,2
105408,2
105408,2
105600,2
105600,2
105792,2
105792,1
105792,2
106162,1
106176,1
106364,1
106368,1
106552,1
106560,2
106560,2
106584,2
106896,2
106944,1
107130,1
107136,2
107304,2
107322,2
107328,2
107328,3
107712,1
107720,2
107724,3
107804,1
107808,2
107898,2
107904,2
107994,2
108000,2
108090,2
108096,2
108186,2
108192,2
108282,2
108288,2
108480,2
108480,2
108672,2
108672,2
108864,2
108864,1
108864,2
109234,1
109248,1
109436,1
109440,1
109624,1
109632,2
109632,2
109656,2
109968,2
110016,1
110202,1
110208,2
110376,2
110394,2
110400,3
110400,2
110784,1
110792,2
110796,3
110876,1
110880,2
110970,2
110976,2
111066,2
111072,2
111162,2
111168,2
111258,2
111264,2
111354,2
111360,2
111552,2
111552,2
111744,2
111744,2
111936,1
111936,2
111936,2
112306,1
112320,1
112508,1
112512,1
112696,1
112704,2
112704,2
112728,2
113040,2
113088,1
113274,1
113280,2
113448,2
113466,2
113472,3
113472,2
113856,1
113864,2
113868,3
113948,1
113952,2
114042,2
114048,2
114138,2
114144,2
114234,2
114240,2
114330,2
114336,2
114426,2
114432,2
114624,2
114624,2
114816,2
114816,2
115008,2
115008,1
115008,2
115378,1
115392,1
115580,1
115584,1
115768,1
115776,2
115776,2
115800,2
116112,2
116160,1
116346,1
116352,2
116520,2
116538,2
116544,3
116544,2
116928,1
116936,2
116940,3
117020,1
117024,2
117114,2
117120,2
117210,2
117216,2
117306,2
117312,2
117402,2
117408,2
117498,2
117504,2
117696,2
117696,2
117888,2
117888,2
118080,2
118080,1
118080,2
118450,1
118464,1
118652,1
118656,1
118840,1
118848,2
118848,2
118872,2
119184,2
119232,1
119418,1
119424,2
119592,2
119610,2
119616,2
119616,3
120000,1
120008,2
120012,3
120092,1
120096,2
120186,2
120192,2
120282,2
120288,2
120378,2
120384,2
120474,2
120480,2
120570,2
120576,2
120960,2
120978,2
121152,2
121152,1
121166,2
121476,1
121536,1
121708,1
121728,1
121744,2
121914,1
121920,2
121920,2
125178,2
125178,2
